0 0.0889423076923077 0.4110576923076923 0.03485576923076923 0.038461538461538464
0 0.17067307692307693 0.4567307692307692 0.12259615384615384 0.10096153846153846
0 0.28725961538461536 0.40625 0.021634615384615384 0.03245192307692308
0 0.4206730769230769 0.5072115384615384 0.17307692307692307 0.16947115384615385
0 0.41947115384615385 0.40865384615384615 0.03125 0.038461538461538464
0 0.5625 0.42788461538461536 0.039663461538461536 0.06009615384615385
0 0.7439903846153846 0.4182692307692308 0.057692307692307696 0.057692307692307696
0 0.5204326923076923 0.40384615384615385 0.022235576923076924 0.028846153846153848
0 0.703125 0.4074519230769231 0.027644230769230768 0.03365384615384615
0 0.36538461538461536 0.40384615384615385 0.018629807692307692 0.019230769230769232
0 0.3449519230769231 0.40384615384615385 0.019230769230769232 0.019831730769230768
0 0.3942307692307692 0.40625 0.018629807692307692 0.019831730769230768