0 0.4098557692307692 0.6117788461538461 0.13221153846153846 0.24519230769230768
0 0.46033653846153844 0.6201923076923077 0.20432692307692307 0.26382211538461536
0 0.828125 0.5817307692307693 0.11298076923076923 0.2824519230769231
0 0.4014423076923077 0.5949519230769231 0.14483173076923078 0.23317307692307693
0 0.6682692307692307 0.6189903846153846 0.21995192307692307 0.27163461538461536
0 0.8149038461538461 0.3641826923076923 0.052884615384615384 0.15264423076923078
0 0.6189903846153846 0.3918269230769231 0.06971153846153846 0.18269230769230768
0 0.7608173076923077 0.3858173076923077 0.046274038461538464 0.16346153846153846
0 0.38822115384615385 0.4026442307692308 0.10576923076923077 0.13581730769230768
0 0.4675480769230769 0.4074519230769231 0.06370192307692307 0.1346153846153846
0 0.27884615384615385 0.42427884615384615 0.06971153846153846 0.2283653846153846
0 0.5132211538461539 0.4483173076923077 0.06971153846153846 0.18990384615384615
0 0.37259615384615385 0.5192307692307693 0.11057692307692307 0.23557692307692307
0 0.1346153846153846 0.5372596153846154 0.21153846153846154 0.3473557692307692